
Column names
Index(['Date', 'Open', 'Adj Close', 'Predictions', 'AdjClosePercent',
       'PredPercent', 'UpDown', 'PredsUpDown', 'WinLose', 'WinLosePerc'],
      dtype='object')

Statistical summary
              Date  Open  Adj Close  Predictions  AdjClosePercent  \
count           90 90.00      90.00        90.00            90.00   
unique          90   nan        nan          nan              nan   
top     2019-06-19   nan        nan          nan              nan   
freq             1   nan        nan          nan              nan   
mean           NaN 15.06      14.91        15.87            -0.01   
std            NaN  4.45       4.43         3.32             0.04   
min            NaN  5.31       5.20        12.34            -0.25   
25%            NaN 12.90      12.80        12.72            -0.04   
50%            NaN 14.85      14.73        14.78            -0.01   
75%            NaN 18.52      18.40        18.74             0.01   
max            NaN 25.02      24.74        25.26             0.10   

        PredPercent UpDown PredsUpDown  WinLose  WinLosePerc  
count         90.00     90          90    90.00        90.00  
unique          nan      2           2      nan          nan  
top             nan   Down          Up      nan          nan  
freq            nan     57          58      nan          nan  
mean           0.11    NaN         NaN     0.48         0.48  
std            0.30    NaN         NaN     0.50         0.00  
min           -0.03    NaN         NaN     0.00         0.48  
25%           -0.01    NaN         NaN     0.00         0.48  
50%            0.01    NaN         NaN     0.00         0.48  
75%            0.05    NaN         NaN     1.00         0.48  
max            1.33    NaN         NaN     1.00         0.48  

Average Direction Win %
[0.47777778 0.47777778 0.47777778 0.47777778 0.47777778 0.47777778
 0.47777778 0.47777778 0.47777778 0.47777778 0.47777778 0.47777778
 0.47777778 0.47777778 0.47777778 0.47777778 0.47777778 0.47777778
 0.47777778 0.47777778 0.47777778 0.47777778 0.47777778 0.47777778
 0.47777778 0.47777778 0.47777778 0.47777778 0.47777778 0.47777778
 0.47777778 0.47777778 0.47777778 0.47777778 0.47777778 0.47777778
 0.47777778 0.47777778 0.47777778 0.47777778 0.47777778 0.47777778
 0.47777778 0.47777778 0.47777778 0.47777778 0.47777778 0.47777778
 0.47777778 0.47777778 0.47777778 0.47777778 0.47777778 0.47777778
 0.47777778 0.47777778 0.47777778 0.47777778 0.47777778 0.47777778
 0.47777778 0.47777778 0.47777778 0.47777778 0.47777778 0.47777778
 0.47777778 0.47777778 0.47777778 0.47777778 0.47777778 0.47777778
 0.47777778 0.47777778 0.47777778 0.47777778 0.47777778 0.47777778
 0.47777778 0.47777778 0.47777778 0.47777778 0.47777778 0.47777778
 0.47777778 0.47777778 0.47777778 0.47777778 0.47777778 0.47777778]
